2.500000000000000000e-01 -5.000000000000000000e+00 1.219311082018980849e-03 7.011038721609139449e-03
0.000000000000000000e+00 -4.898989898989898784e+00 1.565586485296270938e-03 8.610765603485302788e-03
0.000000000000000000e+00 -4.797979797979797567e+00 1.999972592916369248e-03 1.051016104250609810e-02
0.000000000000000000e+00 -4.696969696969697239e+00 2.541882450596170701e-03 1.274850915936054721e-02
0.000000000000000000e+00 -4.595959595959596022e+00 3.214188323873027990e-03 1.536610596432135857e-02
0.000000000000000000e+00 -4.494949494949494806e+00 4.043631894204183577e-03 1.840314594070995360e-02
0.000000000000000000e+00 -4.393939393939393590e+00 5.061233169410225483e-03 2.189831532228523822e-02
0.000000000000000000e+00 -4.292929292929293261e+00 6.302683744359605968e-03 2.588707898602226817e-02
0.000000000000000000e+00 -4.191919191919192045e+00 7.808706932200086548e-03 3.039966019062273830e-02
0.000000000000000000e+00 -4.090909090909090828e+00 9.625364165734933558e-03 3.545872790806898350e-02
0.000000000000000000e+00 -3.989898989898989612e+00 1.180428410090883160e-02 4.107682506627602370e-02
0.000000000000000000e+00 -3.888888888888888840e+00 1.440278822894791415e-02 4.725359224497416993e-02
0.000000000000000000e+00 -3.787878787878788067e+00 1.748388473646676419e-02 5.397286456640693064e-02
0.000000000000000000e+00 -3.686868686868686851e+00 2.111610107968795932e-02 6.119974372455323081e-02
0.000000000000000000e+00 -3.585858585858585634e+00 2.537312550567755176e-02 6.887777103588209326e-02
0.000000000000000000e+00 -3.484848484848484862e+00 3.033322880312885189e-02 7.692634953814610210e-02
0.000000000000000000e+00 -3.383838383838384090e+00 3.607844012216870899e-02 8.523858176297401112e-02
0.000000000000000000e+00 -3.282828282828282873e+00 4.269345495507802929e-02 9.367970297930511281e-02
0.000000000000000000e+00 -3.181818181818181657e+00 5.026425945046772426e-02 1.020862955367970448e-01
0.000000000000000000e+00 -3.080808080808080884e+00 5.887646320029559649e-02 1.102664666247143987e-01
0.000000000000000000e+00 -2.979797979797979668e+00 6.861334245701296297e-02 1.180011577512290605e-01
0.000000000000000000e+00 -2.878787878787878896e+00 7.955360726317040054e-02 1.250467284047125371e-01
0.000000000000000000e+00 -2.777777777777777679e+00 9.176891894382516179e-02 1.311389181203427290e-01
0.000000000000000000e+00 -2.676767676767676907e+00 1.053211984330545969e-01 1.359982406967790158e-01
0.000000000000000000e+00 -2.575757575757575690e+00 1.202597804655995140e-01 1.393368025734345039e-01
0.000000000000000000e+00 -2.474747474747474918e+00 1.366184831348468964e-01 1.408664662728272010e-01
0.000000000000000000e+00 -2.373737373737373701e+00 1.544126759759148482e-01 1.403082021296299942e-01
0.000000000000000000e+00 -2.272727272727272929e+00 1.736364417880089661e-01 1.374023909190236759e-01
0.000000000000000000e+00 -2.171717171717171713e+00 1.942599370447749274e-01 1.319197608392776722e-01
0.000000000000000000e+00 -2.070707070707070940e+00 2.162270621515851587e-01 1.236725694986479801e-01
0.000000000000000000e+00 -1.969696969696969724e+00 2.394535552561559422e-01 1.125255802592633608e-01
0.000000000000000000e+00 -1.868686868686868952e+00 2.638256211824882014e-01 9.840633758166326961e-02
0.000000000000000000e+00 -1.767676767676767735e+00 2.891991998856794366e-01 8.131422253698206148e-02
0.000000000000000000e+00 -1.666666666666666519e+00 3.153999663803861431e-01 6.132777124063059498e-02
0.000000000000000000e+00 -1.565656565656565746e+00 3.422241363971052497e-01 3.860976827069681483e-02
0.000000000000000000e+00 -1.464646464646464530e+00 3.694401293680349974e-01 1.340968534054466470e-02
0.000000000000000000e+00 -1.363636363636363757e+00 3.967911133314903638e-01 -1.393687794759364620e-02
0.000000000000000000e+00 -1.262626262626262541e+00 4.239984258518097460e-01 -4.301198193073789422e-02
0.000000000000000000e+00 -1.161616161616161769e+00 4.507658322246972382e-01 -7.332245975147670680e-02
0.000000000000000000e+00 -1.060606060606060552e+00 4.767845484402372658e-01 -1.043103018052218001e-01
0.000000000000000000e+00 -9.595959595959593358e-01 5.017389231305851016e-01 -1.353661001416233411e-01
0.000000000000000000e+00 -8.585858585858590075e-01 5.253126416431602719e-01 -1.658451832878632681e-01
0.000000000000000000e+00 -7.575757575757577911e-01 5.471952880563752952e-01 -1.950859234048555324e-01
0.000000000000000000e+00 -6.565656565656565746e-01 5.670890789015514688e-01 -2.224295675509936898e-01
0.000000000000000000e+00 -5.555555555555553582e-01 5.847155668922533467e-01 -2.472408415562923345e-01
0.000000000000000000e+00 -4.545454545454550299e-01 5.998221051383678670e-01 -2.689285058161690056e-01
0.000000000000000000e+00 -3.535353535353538135e-01 6.121878628381896004e-01 -2.869650126358894160e-01
0.000000000000000000e+00 -2.525252525252525970e-01 6.216291925976197286e-01 -3.009044278115761140e-01
0.000000000000000000e+00 -1.515151515151513806e-01 6.280041671875424836e-01 -3.103978356186360976e-01
0.000000000000000000e+00 -5.050505050505016413e-02 6.312161291438507238e-01 -3.152055443385666234e-01
0.000000000000000000e+00 5.050505050505016413e-02 6.312161291438507238e-01 -3.152055443385666234e-01
0.000000000000000000e+00 1.515151515151513806e-01 6.280041671875424836e-01 -3.103978356186360976e-01
0.000000000000000000e+00 2.525252525252525970e-01 6.216291925976197286e-01 -3.009044278115761140e-01
0.000000000000000000e+00 3.535353535353538135e-01 6.121878628381896004e-01 -2.869650126358894160e-01
0.000000000000000000e+00 4.545454545454541417e-01 5.998221051383679780e-01 -2.689285058161691722e-01
0.000000000000000000e+00 5.555555555555553582e-01 5.847155668922533467e-01 -2.472408415562923345e-01
0.000000000000000000e+00 6.565656565656565746e-01 5.670890789015514688e-01 -2.224295675509936898e-01
0.000000000000000000e+00 7.575757575757577911e-01 5.471952880563752952e-01 -1.950859234048555324e-01
0.000000000000000000e+00 8.585858585858581193e-01 5.253126416431604939e-01 -1.658451832878635179e-01
0.000000000000000000e+00 9.595959595959593358e-01 5.017389231305851016e-01 -1.353661001416233411e-01
0.000000000000000000e+00 1.060606060606060552e+00 4.767845484402372658e-01 -1.043103018052218001e-01
0.000000000000000000e+00 1.161616161616161769e+00 4.507658322246972382e-01 -7.332245975147670680e-02
0.000000000000000000e+00 1.262626262626262097e+00 4.239984258518098570e-01 -4.301198193073801912e-02
0.000000000000000000e+00 1.363636363636363313e+00 3.967911133314905303e-01 -1.393687794759376070e-02
0.000000000000000000e+00 1.464646464646464530e+00 3.694401293680349974e-01 1.340968534054466470e-02
0.000000000000000000e+00 1.565656565656565746e+00 3.422241363971052497e-01 3.860976827069681483e-02
0.000000000000000000e+00 1.666666666666666963e+00 3.153999663803860320e-01 6.132777124063067825e-02
0.000000000000000000e+00 1.767676767676767291e+00 2.891991998856795476e-01 8.131422253698199210e-02
0.000000000000000000e+00 1.868686868686868507e+00 2.638256211824882569e-01 9.840633758166320022e-02
0.000000000000000000e+00 1.969696969696969724e+00 2.394535552561559422e-01 1.125255802592633608e-01
0.000000000000000000e+00 2.070707070707070940e+00 2.162270621515851587e-01 1.236725694986479801e-01
0.000000000000000000e+00 2.171717171717171269e+00 1.942599370447750384e-01 1.319197608392776722e-01
0.000000000000000000e+00 2.272727272727272485e+00 1.736364417880091049e-01 1.374023909190236759e-01
0.000000000000000000e+00 2.373737373737373701e+00 1.544126759759148482e-01 1.403082021296299942e-01
0.000000000000000000e+00 2.474747474747474918e+00 1.366184831348468964e-01 1.408664662728272010e-01
0.000000000000000000e+00 2.575757575757575246e+00 1.202597804655995833e-01 1.393368025734345039e-01
0.000000000000000000e+00 2.676767676767676463e+00 1.053211984330546663e-01 1.359982406967790158e-01
0.000000000000000000e+00 2.777777777777777679e+00 9.176891894382516179e-02 1.311389181203427290e-01
0.000000000000000000e+00 2.878787878787878896e+00 7.955360726317040054e-02 1.250467284047125371e-01
0.000000000000000000e+00 2.979797979797979224e+00 6.861334245701299073e-02 1.180011577512290744e-01
0.000000000000000000e+00 3.080808080808081328e+00 5.887646320029554792e-02 1.102664666247143571e-01
0.000000000000000000e+00 3.181818181818181657e+00 5.026425945046772426e-02 1.020862955367970448e-01
0.000000000000000000e+00 3.282828282828281985e+00 4.269345495507807786e-02 9.367970297930515444e-02
0.000000000000000000e+00 3.383838383838384090e+00 3.607844012216870899e-02 8.523858176297401112e-02
0.000000000000000000e+00 3.484848484848484418e+00 3.033322880312887618e-02 7.692634953814614374e-02
0.000000000000000000e+00 3.585858585858586522e+00 2.537312550567751013e-02 6.887777103588202388e-02
0.000000000000000000e+00 3.686868686868686851e+00 2.111610107968795932e-02 6.119974372455323081e-02
0.000000000000000000e+00 3.787878787878787179e+00 1.748388473646679542e-02 5.397286456640700003e-02
0.000000000000000000e+00 3.888888888888889284e+00 1.440278822894790374e-02 4.725359224497414912e-02
0.000000000000000000e+00 3.989898989898989612e+00 1.180428410090883160e-02 4.107682506627602370e-02
0.000000000000000000e+00 4.090909090909089940e+00 9.625364165734950905e-03 3.545872790806903208e-02
0.000000000000000000e+00 4.191919191919192045e+00 7.808706932200086548e-03 3.039966019062273830e-02
0.000000000000000000e+00 4.292929292929292373e+00 6.302683744359616376e-03 2.588707898602229940e-02
0.000000000000000000e+00 4.393939393939394478e+00 5.061233169410212472e-03 2.189831532228519312e-02
0.000000000000000000e+00 4.494949494949494806e+00 4.043631894204183577e-03 1.840314594070995360e-02
0.000000000000000000e+00 4.595959595959595134e+00 3.214188323873033194e-03 1.536610596432137765e-02
0.000000000000000000e+00 4.696969696969697239e+00 2.541882450596170701e-03 1.274850915936054721e-02
0.000000000000000000e+00 4.797979797979797567e+00 1.999972592916369248e-03 1.051016104250609810e-02
0.000000000000000000e+00 4.898989898989899672e+00 1.565586485296267902e-03 8.610765603485288910e-03
0.000000000000000000e+00 5.000000000000000000e+00 1.219311082018980849e-03 7.011038721609139449e-03
